# z:
# mu:
#end
0.5043 42.051698
0.582 42.623937
0.496 42.010139
0.347 41.448137
0.679 43.128115
0.612 42.335240999999996
0.868 43.403678
0.332 40.911412
0.8 43.560389
0.449 41.717126
0.3709 41.323052000000004
0.2912 41.011068
0.3553 41.976619
0.4607 41.625127
0.285 40.306943000000004
0.634 42.78918
0.468 42.839546
0.27 40.108469
0.949 43.510374999999996
0.927 43.75585100000001
0.695 43.08207
0.627 42.436939
0.899 43.383328000000006
0.61 42.29535
0.791 43.272261
0.58 42.374299
0.592 42.481058000000004
0.721 42.948687
0.211 40.106779
0.768 43.182026
0.86 43.296115
0.369 41.206621
0.56 42.749983
0.85 43.34532900000001
0.998 43.667671999999996
0.778 43.447767999999996
0.5842 42.323246
0.585 42.385798
0.798 43.178917
0.59 42.446414000000004
0.915 43.393967
0.77 43.596176
0.95 43.727344
0.515 42.622554
0.735 43.03538
0.639 43.062142
0.767 43.294208
0.436 41.606493
0.985 43.810473
0.585 42.614276000000004
0.702 42.907842
0.6634 43.122652
0.836 43.387904000000006
0.62 42.631303
0.369 41.512924
0.415 41.596572
0.357 41.475017
0.45 41.953257
0.521 42.379087
0.732 43.261821
0.7 43.276776999999996
0.74 43.144211999999996
0.7441 42.905911
0.348 41.56016700000001
0.59 42.436183
0.513 42.826721
0.62 42.834306
0.643 42.836478
1.002 44.089369000000005
0.47 42.582383
0.61 42.609958
0.263 40.716480000000004
0.3578 41.565607
0.742 43.146172
0.451 42.291923999999995
0.91 43.704449
0.552 42.538129999999995
0.337 41.016214000000005
0.75 42.858932
0.983 44.032708
0.822 43.423493
0.813 43.346809
0.95 43.645947
0.817 43.322419
0.34 41.187345
0.96 43.636694000000006
0.81 43.283543
0.756 43.104929
0.613 43.065491
0.88 43.379232
0.55 42.386908
0.811 43.445023000000006
1.031 43.63883
0.629 42.562839000000004
0.424 41.776347
0.936 43.865885000000006
0.703 42.971414
0.699 42.639462
0.687 43.167729
0.769 43.248307999999994
0.934 43.448812000000004
0.866 43.448482
0.751 42.880175
0.516 41.930762
0.47 41.684969
0.472 42.808954
0.961 43.823087
0.93 43.809723000000005
0.842 43.304281
0.632 42.750974
0.564 42.556645
0.617 43.120744
0.83 43.411588
0.566 42.335141
0.58 42.32859500000001
0.559 42.572028
0.866 43.327329000000006
0.737 43.350207999999995
0.86 43.672354999999996
0.263 40.239796999999996
0.587 43.137789
0.763 43.090030999999996
0.49 41.918484
0.86 43.477101000000005
0.69 42.654427999999996
0.56 43.198746
0.323 41.043375
0.479 41.721051
0.184 39.808955
0.92 43.714061
0.68 42.549419
0.474 41.765329
0.92 43.430223999999995
0.891 43.626000000000005
0.427 42.446803
0.63 42.655938000000006
0.698 43.506174
0.734 43.433943
0.574 42.702601
0.417 41.518950000000004
0.51 41.957226000000006
0.534 42.041731
0.64 42.727878000000004
0.733 43.050974
0.35 41.734908000000004
0.608 42.977615
0.348 41.278290999999996
0.7 43.007522
0.3537 41.437222000000006
0.981 43.716688000000005
0.87 43.476592000000004
0.757 43.156956
0.924 43.861277
0.643 42.6653
0.419 41.988057999999995
0.515 42.67109
0.89 43.273935
0.805 42.95323500000001
0.48 41.998757999999995
0.8 43.257672
0.58 42.566572
0.715 43.042197
0.805 43.443736
0.766 43.348577
0.664 42.562551
0.901 43.458439
0.745 42.969586
0.718 42.77368
0.736 42.741578000000004
0.579 42.345137
0.37 41.679370000000006
0.96 43.768789
0.85 43.190236
0.648 43.024975
0.219 39.902122000000006
0.936 43.544384
0.647 42.948505
0.461 42.025035
0.6 42.895284000000004
0.67 43.114257
0.76 43.081872000000004
0.246 40.555670000000006
0.47 42.073420999999996
0.169 39.343205
0.499 42.152539000000004
0.64 42.938138
0.509 42.609122
0.537 41.921803
0.589 42.663598
0.775 43.099363
0.701 43.157325
0.372 41.262225
0.763 43.131977
0.701 42.783170999999996
0.79 43.025847
0.375 41.194613000000004
0.407 41.851779
0.855 43.48276
0.81 43.658412999999996
0.605 42.879442
0.585 42.762643
0.536 42.344733
0.722 43.285443
0.402 41.637347000000005
0.839 43.239244
0.373 41.488189000000006
0.808 43.51554
0.842 43.240851000000006
0.499 42.326559
0.531 42.363085999999996
0.532 42.504678
0.93 43.825178
0.82 43.239188
0.552 42.461247
0.124 38.802285999999995
0.84 43.333047
0.442 42.044747
0.727 42.996563
0.683 43.104687999999996
0.442 41.713818
0.726 42.946775
0.282 41.201638
0.404 41.652742
0.519 41.923755
0.69 43.428431
1.06 43.75787
0.576 42.506685000000004
0.268 40.761856
0.72 42.964145
0.25 40.914224000000004
0.76 42.956693
0.7 42.780103
0.552 42.269524000000004
0.732 42.955124
0.85 43.246452
1.0 43.579085000000006
0.437 41.574456
0.411 41.607433
0.303 40.492454
1.3 44.741231
1.02 44.015297000000004
0.839 43.412709
1.12 44.197113
1.23 45.096776000000006
0.975 43.936143
0.97 44.070075
0.06533 37.39794500000001
0.12976 39.386945
0.10418 38.206988
0.04542 36.581728
0.114 38.164133
0.25764000000000004 40.587919
0.3819 41.250281
0.1468 39.333420000000004
0.0902 38.165082
0.262 40.268176999999994
0.07995 38.199702
0.08431 38.43627
0.16695 39.462042
0.1694 39.22402
0.172 39.831976
0.17167000000000002 39.184725
0.1217 39.259823
0.278 40.41549500000001
0.233 40.148958
0.307 40.638074
0.081 38.069822
0.175 39.401422
0.1397 38.947068
0.14717 39.111964
0.08266 37.965623
0.23524 39.843051
0.258 40.356745000000004
0.247 40.20186700000001
0.127 38.94021
0.225 40.286545000000004
0.104 38.256141
0.121 38.628968
0.182 39.724320000000006
0.19852999999999998 39.398239000000004
0.23063000000000003 40.143432000000004
0.26603000000000004 40.585409999999996
0.10467 38.423517000000004
0.366 41.349562
0.207 39.712469
0.18066 40.201747
0.201 39.899845
0.15763 39.348025
0.163 39.37830700000001
0.211 40.91497
0.243 40.851057
0.23736999999999997 40.511511999999996
0.228 40.11808
0.29825999999999997 40.43185
0.21 39.812042000000005
0.252 40.986242000000004
0.2516 40.017243
0.11909000000000002 38.102211
0.221 39.905502
0.1504 39.022155
0.289 40.312819000000005
0.145 38.887994000000006
0.33 40.694732
0.2477 40.12527
0.121 39.369989000000004
0.33 41.240460999999996
0.2164 40.483042
0.146 39.516614000000004
0.133 39.197341
0.2115 39.530731
0.2054 39.962346
0.281 40.399608
0.04539 36.596294
0.18107 39.278836999999996
0.262 40.311082999999996
0.05782999999999999 36.830075
0.214 40.296133
0.371 41.260028000000005
0.1749 39.502267
0.144 38.758683
0.179 39.20261
0.33 40.873069
0.255 40.434596
0.3011 40.756687
0.10722000000000001 38.420566
0.2247 39.991811999999996
0.119 38.486663
0.1771 39.228782
0.184 39.917304
0.299 40.895815999999996
0.19827999999999998 39.734448
0.1543 38.811456
0.24954 40.253185
0.1392 38.709001
0.2085 40.851005
0.216 39.780053
0.307 40.783825
0.248 40.106951
0.19943 39.998974000000004
0.224 40.074295000000006
0.1363 39.511573
0.212 39.84187300000001
0.274 40.211073
0.248 39.715733
0.2221 40.570886
0.276 40.486954
0.178 39.554592
0.312 40.910479
0.18537 39.691715
0.15989 38.957795000000004
0.2211 39.993822
0.253 40.636693
0.18191 39.242003
0.175 39.59928
0.3821 41.030928
0.18 39.409333000000004
0.247 40.376554999999996
0.21040999999999999 39.642027
0.251 40.902696
0.135 38.657858000000004
0.178 39.786464
0.282 40.489311
0.17502 40.082398
0.198 40.067687
0.365 41.109517
0.38 41.471908
0.3176 40.896724
0.184 39.322733
0.242 40.055963000000006
0.203 39.606408
0.17 39.939914
0.199 39.824797000000004
0.124 38.66767
0.204 39.808955
0.12877 39.154432
0.277 40.583317
0.146 39.307201000000006
0.336 40.912025
0.19695 39.754275
0.195 40.115010999999996
0.2512 40.070949999999996
0.15 39.020319
0.157 39.196078
0.097 38.823444
0.152 39.453921
0.31094 41.180926
0.25 40.177943
0.367 41.18649
0.11907999999999999 39.089870000000005
0.193 39.790998
0.184 39.52384
0.2361 40.180073
0.248 39.895774
0.29 39.909757
0.211 39.789132
0.1932 39.516522
0.1151 38.223326
0.115 38.769269
0.2 39.569882
0.222 39.814062
0.184 39.64859
0.16027 38.98795
0.07944 38.290437
0.14 39.033006
0.18136 39.629248000000004
0.179 39.478083
0.172 39.60707
0.235 39.913174
0.07275 37.222291
0.156 39.020376
0.091 37.868896
0.178 39.447033000000005
0.13097999999999999 38.703248
0.18286 39.730621
0.25709 40.368432999999996
0.13929 38.604935
0.172 39.830026000000004
0.218 39.759521
0.247 40.141966
0.14473 39.095510000000004
0.25 40.352565999999996
0.14643 39.110753
0.1369 39.109419
0.06 36.912299000000004
0.03707 36.370514
0.279 40.789047
0.2064 40.23231
0.282 40.528247
0.2 39.540040000000005
0.161 39.460888
0.212 40.072641000000004
0.07267 38.034126
0.239 39.909375
0.1426 39.133504
0.15641 39.435861
0.3715 40.943176
0.095 38.226568
0.11982000000000001 39.591778000000005
0.155 39.290999
0.255 40.328008
0.1085 38.387775000000005
0.13097 38.916162
0.268 40.372503
0.213 40.143299
0.279 40.328193
0.246 39.803568999999996
0.135 39.141364
0.178 39.962797
0.11492999999999999 38.724591000000004
0.322 41.0583
0.114 38.455852
0.10726 38.274685000000005
0.393 41.146499
0.157 39.224029
0.188 40.127159
0.198 40.048833
0.193 40.251846
0.192 39.475403
0.177 39.641414
0.129 38.797603
0.12319000000000001 38.559318000000005
0.12783 38.750776
0.214 40.290608
0.22 40.016723999999996
0.27 40.647167
0.206 39.769102000000004
0.268 40.256503
0.219 40.134988
0.243 39.891931
0.295 40.405269000000004
0.355 40.820897
0.187 39.823682000000005
0.287 40.644277
0.196 39.417563
0.07687999999999999 37.278158
0.1647 39.568238
0.2587 40.515617000000006
0.221 40.330787
0.177 39.342843
0.228 40.48872
0.15403 39.259017
0.2116 40.69322
0.123 38.996008
0.292 40.591949
0.296 41.450726
0.16549 39.29377
0.308 40.881913
0.2 39.761318
0.269 40.643672
0.403 41.041848
0.1379 39.318803
0.29698 41.291585
0.293 40.557747
0.0914 37.527718
0.207 39.870147
0.147 38.850673
0.119 38.245923000000005
0.056029999999999996 37.060876
0.17524 39.559960000000004
0.246 40.429199
0.226 40.195906
0.247 40.429054
0.285 40.296461
0.182 39.95687
0.10524000000000001 38.31048
0.131 39.604137
0.2449 39.984674999999996
0.333 41.097888
0.245 40.462379999999996
0.316 40.339082000000005
0.22 39.82259500000001
0.2616 40.351262000000006
0.284 40.560915
0.302 40.718758
0.153 38.731123
0.265 40.317444
0.215 40.160632
0.164 39.800876
0.125 39.003688
0.196 39.672004
0.207 39.662992
0.10795999999999999 38.531026
0.189 40.161733999999996
0.165 39.324432
0.291 40.390912
0.0951 37.689465
0.229 40.050868
0.10855999999999999 38.641919
0.312 40.429309
0.147 39.408304
0.08916 37.875522000000004
0.14972 38.791298
0.288 40.654938
0.12407 38.60508900000001
0.188 39.526939
0.12996 38.978783
0.1949 40.032429
0.148 38.647186
0.2132 40.824529
0.1805 39.617619000000005
0.265 40.199878
0.193 39.694092999999995
0.34 40.823378000000005
0.11813 38.834621
0.1437 38.865353999999996
0.16149000000000002 39.303587
0.2903 40.613138000000006
0.1242 39.020954
0.2654 40.421914
0.1266 39.092918
0.175 39.292601000000005
0.1656 39.309822
0.2511 40.597293
0.1611 39.401465
0.2451 39.847565
0.25 40.002989
0.2304 39.856588
0.08642000000000001 37.815187
0.06282 37.089954000000006
0.2786 40.948888
0.277 40.571059000000005
0.332 41.012505000000004
0.363 41.146096
0.3324 41.142013000000006
0.1619 39.40959
0.3009 40.752057
0.117 38.512745
0.2197 40.211023
0.121 38.698786999999996
0.1561 38.916725
0.1795 39.960170000000005
0.2517 40.387855
0.253 40.455599
0.1308 39.167060000000006
0.3108 40.625751
0.2796 40.497891
0.187 39.529365999999996
0.06707 37.689629
0.2595 40.575113
0.3001 40.572328999999996
0.272 40.728524
0.2807 40.601471000000004
0.2944 40.833514
0.1908 39.999871
0.267 39.975674999999995
0.12449 38.658770000000004
0.184 39.323166
0.057420000000000006 36.766442999999995
0.314 40.644836999999995
0.3106 40.847035000000005
0.202 40.004698000000005
0.328 40.694769
0.213 39.88092
0.181 39.617027
0.304 41.1049
0.1106 38.524150000000006
0.08652 37.766573
0.2037 39.832139
0.1278 38.858548
0.216 39.93535
0.322 40.587604999999996
0.219 40.148936
0.1914 39.682628
0.09349 37.989486
0.3812 40.972589
0.2124 40.25352
0.2593 40.669985
0.1847 40.158508999999995
0.2144 39.869745
0.1178 38.469454
0.1453 39.019519
0.254 40.399051
0.2569 40.482154
0.2184 40.119215
1.265 44.785598
0.935 43.531915
0.0503 36.812489
0.030664 35.289518
0.075 37.515664
0.025 35.367246
0.014615000000000001 33.526032
0.0202 34.166795
0.0352 35.804961
0.045 36.67515
0.0437 36.397518000000005
0.018509 34.833957999999996
0.0793 37.364101000000005
0.0637 37.342783
0.025401 35.117616
0.049 36.891201
0.069 37.495046
0.024207 35.745978
0.051 36.695060999999995
0.023159 35.361743000000004
0.015177000000000001 33.830119
0.049901999999999995 36.125749
0.022719 35.071035
0.036 35.714676999999995
0.016672 34.401431
0.029589999999999998 35.697115
0.0308 35.899731
0.01012 33.499314
0.013538999999999999 34.178363000000004
0.027132 35.126604
0.054224 36.607966000000005
0.017741999999999997 33.886398
0.017572 34.172099
0.014443000000000001 33.776182000000006
0.0095 33.198420999999996
0.0539 36.942389000000006
0.038 35.823853
0.077 37.470978
0.031327999999999995 35.839918
0.01496 33.893842
0.014327000000000001 33.431711
0.026744999999999998 35.084919
0.023615999999999998 34.631359
0.036425 36.127342
0.023493 35.604284
0.017442 34.414415
0.040695 35.997361999999995
0.029419999999999998 35.265141
0.015501 33.76178
0.01464 34.333561
0.0155 34.335545
0.015380000000000001 34.097556
0.037036 35.670416
0.015871 34.130250000000004
0.013012000000000001 33.932717000000004
0.013538999999999999 33.71139
0.015018 33.607266
0.024396 35.391106
0.028116000000000002 35.707319
0.011637999999999999 33.607203
0.014046000000000001 33.735507999999996
0.035001 35.828327
0.024564 35.288326
0.038 35.694355
0.021 34.797200000000004
0.0193 34.710096
0.03 35.734369
0.039361 35.749328000000006
0.034307 36.021121
0.028341 35.532973
0.020071000000000002 34.925945999999996
0.031020999999999996 36.050951
0.015701 34.114971
0.0158 33.73323
0.0267 36.202881000000005
0.0459 36.502691
0.032309 36.420052999999996
0.00937 33.207498
0.0794 37.521039
0.0124 33.925843
0.0231 34.915712
0.0139 34.688553
0.01491 33.884769
0.028977 35.334531
0.034897000000000004 35.500122000000005
0.04589 36.372622
0.034044 35.814211
0.076 37.461792
0.015119999999999998 34.539034
0.019607 34.591531
0.040998 36.667164
0.025204 35.211470000000006
0.026322 34.972518
0.023106 35.208253
0.06785 37.444173000000006
0.064001 37.145053000000004
0.022539 35.504585000000006
0.016738 34.04845
0.030935 35.512073
0.0109 33.392973
0.021905 35.256993
0.032156 35.961564
0.022289 35.074534
0.020267 34.793711
0.022172 35.020889000000004
0.034597 36.018737
0.037002 36.459901
0.023016 35.040616
0.014277000000000001 34.108086
0.03809 37.180272
0.06255 36.886262
0.059160000000000004 37.245512000000005
0.0719 37.462215
0.029704 35.885065
0.032102 35.891219
0.02414 35.200168000000005
0.015878 34.769765
0.064388 36.848492
0.020771 34.95219
0.031018 35.630939999999995
0.018126 34.943310000000004
0.026962 35.554006
0.025918 34.847848
0.02359 34.945501
0.024 35.118268
0.021275 34.76854
